0.0000
471.0000 -3017.0000 371.0000 0.0000
391.0000 -2997.0000 315.0000 0.0000
329.0000 -3185.0000 271.0000 0.0000
625.0000 -3044.0000 438.0000 0.0000
549.0000 -3059.0000 376.0000 0.0000
463.0000 -3008.0000 314.0000 0.0000
380.0000 -2992.0000 251.0000 0.0000
697.0000 -3041.0000 440.0000 0.0000
618.0000 -3043.0000 375.0000 0.0000
542.0000 -3053.0000 318.0000 0.0000
453.0000 -2998.0000 248.0000 0.0000
782.0000 -3090.0000 450.0000 0.0000
690.0000 -3037.0000 375.0000 0.0000
613.0000 -3037.0000 315.0000 0.0000
533.0000 -3039.0000 248.0000 0.0000
858.0000 -3092.0000 453.0000 0.0000
775.0000 -3081.0000 381.0000 0.0000
686.0000 -3034.0000 313.0000 0.0000
605.0000 -3034.0000 244.0000 0.0000
926.0000 -3071.0000 453.0000 0.0000
853.0000 -3089.0000 383.0000 0.0000
770.0000 -3074.0000 316.0000 0.0000
677.0000 -3020.0000 240.0000 0.0000
1009.0000 -3093.0000 460.0000 0.0000
923.0000 -3069.0000 382.0000 0.0000
848.0000 -3081.0000 316.0000 0.0000
763.0000 -3062.0000 241.0000 0.0000
1098.0000 -3123.0000 468.0000 0.0000
1001.0000 -3077.0000 385.0000 0.0000
919.0000 -3059.0000 313.0000 0.0000
842.0000 -3073.0000 239.0000 0.0000
1169.0000 -3105.0000 470.0000 0.0000
1095.0000 -3119.0000 391.0000 0.0000
1000.0000 -3071.0000 314.0000 0.0000
914.0000 -3051.0000 235.0000 0.0000
1246.0000 -3099.0000 473.0000 0.0000
1166.0000 -3093.0000 390.0000 0.0000
1092.0000 -3105.0000 317.0000 0.0000
997.0000 -3062.0000 233.0000 0.0000
1347.0000 -3140.0000 484.0000 0.0000
1248.0000 -3092.0000 392.0000 0.0000
1168.0000 -3086.0000 315.0000 0.0000
1091.0000 -3096.0000 233.0000 0.0000
1428.0000 -3132.0000 487.0000 0.0000
1347.0000 -3130.0000 399.0000 0.0000
1250.0000 -3085.0000 315.0000 0.0000
1168.0000 -3077.0000 229.0000 0.0000

-574.0000 747.0000 1.0000 0.0000
-609.0000 743.0000 8.0000 0.0000
-531.0000 751.0000 -11.0000 0.0000
-566.0000 749.0000 -3.0000 0.0000
-609.0000 757.0000 2.0000 0.0000
-647.0000 754.0000 10.0000 0.0000
-557.0000 749.0000 -12.0000 0.0000
-590.0000 744.0000 -3.0000 0.0000
-636.0000 754.0000 3.0000 0.0000
-593.0000 660.0000 11.0000 0.0000
-598.0000 766.0000 -13.0000 0.0000
-622.0000 748.0000 -3.0000 0.0000
-598.0000 677.0000 4.0000 0.0000
0.0000 0.0000 0.0000 0.0000
-614.0000 749.0000 -13.0000 0.0000
-630.0000 723.0000 -2.0000 0.0000
-610.0000 658.0000 4.0000 0.0000
-442.0000 449.0000 9.0000 0.0000
-654.0000 760.0000 -14.0000 0.0000
-606.0000 663.0000 -2.0000 0.0000
0.0000 0.0000 0.0000 0.0000
-448.0000 435.0000 10.0000 0.0000
-593.0000 657.0000 -13.0000 0.0000
0.0000 0.0000 0.0000 0.0000
-466.0000 459.0000 4.0000 0.0000
-474.0000 440.0000 12.0000 0.0000
-863.0000 910.0000 -19.0000 0.0000
-455.0000 453.0000 -1.0000 0.0000
-470.0000 442.0000 5.0000 0.0000
0.0000 0.0000 0.0000 0.0000
-456.0000 459.0000 -10.0000 0.0000
0.0000 0.0000 0.0000 0.0000
0.0000 0.0000 0.0000 0.0000
-614.0000 520.0000 17.0000 0.0000
-445.0000 427.0000 -9.0000 0.0000
-476.0000 431.0000 -1.0000 0.0000
-601.0000 515.0000 8.0000 0.0000
0.0000 0.0000 0.0000 0.0000
0.0000 0.0000 0.0000 0.0000
-596.0000 515.0000 -1.0000 0.0000
0.0000 0.0000 0.0000 0.0000
0.0000 0.0000 0.0000 0.0000
-600.0000 523.0000 -13.0000 0.0000
0.0000 0.0000 0.0000 0.0000
0.0000 0.0000 0.0000 0.0000
-592.0000 436.0000 19.0000 0.0000
0.0000 0.0000 0.0000 0.0000
0.0000 0.0000 0.0000 0.0000
0.0000 0.0000 0.0000 0.0000
0.0000 0.0000 0.0000 0.0000
0.0000 0.0000 0.0000 0.0000
0.0000 0.0000 0.0000 0.0000
0.0000 0.0000 0.0000 0.0000
0.0000 0.0000 0.0000 0.0000
0.0000 0.0000 0.0000 0.0000
0.0000 0.0000 0.0000 0.0000
0.0000 0.0000 0.0000 0.0000
0.0000 0.0000 0.0000 0.0000
0.0000 0.0000 0.0000 0.0000
0.0000 0.0000 0.0000 0.0000
0.0000 0.0000 0.0000 0.0000
0.0000 0.0000 0.0000 0.0000
0.0000 0.0000 0.0000 0.0000
0.0000 0.0000 0.0000 0.0000
0.0000 0.0000 0.0000 0.0000
0.0000 0.0000 0.0000 0.0000
0.0000 0.0000 0.0000 0.0000
0.0000 0.0000 0.0000 0.0000
0.0000 0.0000 0.0000 0.0000
0.0000 0.0000 0.0000 0.0000
0.0000 0.0000 0.0000 0.0000
0.0000 0.0000 0.0000 0.0000
0.0000 0.0000 0.0000 0.0000
0.0000 0.0000 0.0000 0.0000
0.0000 0.0000 0.0000 0.0000
0.0000 0.0000 0.0000 0.0000
0.0000 0.0000 0.0000 0.0000
0.0000 0.0000 0.0000 0.0000
0.0000 0.0000 0.0000 0.0000
0.0000 0.0000 0.0000 0.0000
0.0000 0.0000 0.0000 0.0000
0.0000 0.0000 0.0000 0.0000
0.0000 0.0000 0.0000 0.0000
0.0000 0.0000 0.0000 0.0000
0.0000 0.0000 0.0000 0.0000
0.0000 0.0000 0.0000 0.0000
0.0000 0.0000 0.0000 0.0000
0.0000 0.0000 0.0000 0.0000
0.0000 0.0000 0.0000 0.0000
0.0000 0.0000 0.0000 0.0000
0.0000 0.0000 0.0000 0.0000
0.0000 0.0000 0.0000 0.0000
0.0000 0.0000 0.0000 0.0000
0.0000 0.0000 0.0000 0.0000
0.0000 0.0000 0.0000 0.0000
0.0000 0.0000 0.0000 0.0000
0.0000 0.0000 0.0000 0.0000
0.0000 0.0000 0.0000 0.0000
0.0000 0.0000 0.0000 0.0000
0.0000 0.0000 0.0000 0.0000
0.0000 0.0000 0.0000 0.0000
0.0000 0.0000 0.0000 0.0000
0.0000 0.0000 0.0000 0.0000
0.0000 0.0000 0.0000 0.0000
0.0000 0.0000 0.0000 0.0000
0.0000 0.0000 0.0000 0.0000
0.0000 0.0000 0.0000 0.0000
-454.0000 147.0000 2.0000 0.0000
0.0000 0.0000 0.0000 0.0000
0.0000 0.0000 0.0000 0.0000
0.0000 0.0000 0.0000 0.0000
0.0000 0.0000 0.0000 0.0000
-413.0000 115.0000 12.0000 0.0000
0.0000 0.0000 0.0000 0.0000
-420.0000 122.0000 -8.0000 0.0000
-449.0000 123.0000 2.0000 0.0000
0.0000 0.0000 0.0000 0.0000
0.0000 0.0000 0.0000 0.0000
0.0000 0.0000 0.0000 0.0000
0.0000 0.0000 0.0000 0.0000
0.0000 0.0000 0.0000 0.0000
0.0000 0.0000 0.0000 0.0000
-429.0000 103.0000 -8.0000 0.0000
-445.0000 100.0000 3.0000 0.0000
0.0000 0.0000 0.0000 0.0000
0.0000 0.0000 0.0000 0.0000
0.0000 0.0000 0.0000 0.0000
0.0000 0.0000 0.0000 0.0000
0.0000 0.0000 0.0000 0.0000
0.0000 0.0000 0.0000 0.0000
-438.0000 83.0000 -9.0000 0.0000
-446.0000 78.0000 3.0000 0.0000
0.0000 0.0000 0.0000 0.0000
-445.0000 64.0000 26.0000 0.0000
0.0000 0.0000 0.0000 0.0000
0.0000 0.0000 0.0000 0.0000
-437.0000 59.0000 14.0000 0.0000
0.0000 0.0000 0.0000 0.0000
-440.0000 61.0000 -8.0000 0.0000
-460.0000 58.0000 3.0000 0.0000
0.0000 0.0000 0.0000 0.0000
-467.0000 46.0000 28.0000 0.0000
0.0000 0.0000 0.0000 0.0000
0.0000 0.0000 0.0000 0.0000
-460.0000 41.0000 16.0000 0.0000
0.0000 0.0000 0.0000 0.0000
-462.0000 42.0000 -9.0000 0.0000
-450.0000 36.0000 4.0000 0.0000
0.0000 0.0000 0.0000 0.0000
-459.0000 25.0000 29.0000 0.0000
0.0000 0.0000 0.0000 0.0000
0.0000 0.0000 0.0000 0.0000
-448.0000 19.0000 16.0000 0.0000
0.0000 0.0000 0.0000 0.0000
-467.0000 19.0000 -9.0000 0.0000
-470.0000 15.0000 5.0000 0.0000
0.0000 0.0000 0.0000 0.0000
-449.0000 5.0000 29.0000 0.0000
0.0000 0.0000 0.0000 0.0000
0.0000 0.0000 0.0000 0.0000
-467.0000 0.0000 18.0000 0.0000
0.0000 0.0000 0.0000 0.0000
-469.0000 -2.0000 -8.0000 0.0000
-460.0000 -6.0000 5.0000 0.0000
0.0000 0.0000 0.0000 0.0000
-440.0000 -14.0000 30.0000 0.0000
0.0000 0.0000 0.0000 0.0000
0.0000 0.0000 0.0000 0.0000
-450.0000 -20.0000 18.0000 0.0000
0.0000 0.0000 0.0000 0.0000
-473.0000 -25.0000 -8.0000 0.0000
-456.0000 -27.0000 5.0000 0.0000
0.0000 0.0000 0.0000 0.0000
0.0000 0.0000 0.0000 0.0000
0.0000 0.0000 0.0000 0.0000
0.0000 0.0000 0.0000 0.0000
-457.0000 -42.0000 19.0000 0.0000
0.0000 0.0000 0.0000 0.0000
-449.0000 -46.0000 -8.0000 0.0000
-453.0000 -48.0000 6.0000 0.0000
0.0000 0.0000 0.0000 0.0000
0.0000 0.0000 0.0000 0.0000
0.0000 0.0000 0.0000 0.0000
0.0000 0.0000 0.0000 0.0000
0.0000 0.0000 0.0000 0.0000
0.0000 0.0000 0.0000 0.0000
-455.0000 -69.0000 -7.0000 0.0000
-444.0000 -69.0000 6.0000 0.0000
0.0000 0.0000 0.0000 0.0000
0.0000 0.0000 0.0000 0.0000
0.0000 0.0000 0.0000 0.0000
0.0000 0.0000 0.0000 0.0000
0.0000 0.0000 0.0000 0.0000
0.0000 0.0000 0.0000 0.0000
-452.0000 -91.0000 -7.0000 0.0000
-448.0000 -91.0000 7.0000 0.0000
0.0000 0.0000 0.0000 0.0000
0.0000 0.0000 0.0000 0.0000
0.0000 0.0000 0.0000 0.0000
0.0000 0.0000 0.0000 0.0000
0.0000 0.0000 0.0000 0.0000
0.0000 0.0000 0.0000 0.0000
-441.0000 -111.0000 -6.0000 0.0000
-459.0000 -116.0000 8.0000 0.0000
0.0000 0.0000 0.0000 0.0000
-461.0000 -119.0000 37.0000 0.0000
0.0000 0.0000 0.0000 0.0000
0.0000 0.0000 0.0000 0.0000
0.0000 0.0000 0.0000 0.0000
0.0000 0.0000 0.0000 0.0000
-462.0000 -140.0000 -6.0000 0.0000
-458.0000 -139.0000 8.0000 0.0000
0.0000 0.0000 0.0000 0.0000
-448.0000 -137.0000 37.0000 0.0000
0.0000 0.0000 0.0000 0.0000
0.0000 0.0000 0.0000 0.0000
0.0000 0.0000 0.0000 0.0000
0.0000 0.0000 0.0000 0.0000
-1140.0000 -407.0000 -16.0000 0.0000
-1154.0000 -410.0000 24.0000 0.0000
0.0000 0.0000 0.0000 0.0000
-1170.0000 -416.0000 101.0000 0.0000
-1112.0000 -428.0000 -15.0000 0.0000
-1121.0000 -428.0000 24.0000 0.0000
-1123.0000 -428.0000 61.0000 0.0000
-1131.0000 -430.0000 99.0000 0.0000
-1086.0000 -449.0000 -14.0000 0.0000
-1097.0000 -448.0000 25.0000 0.0000
-1100.0000 -449.0000 61.0000 0.0000
-1102.0000 -447.0000 98.0000 0.0000
-1008.0000 -445.0000 -12.0000 0.0000
-1044.0000 -455.0000 24.0000 0.0000
-1033.0000 -449.0000 59.0000 0.0000
-1068.0000 -461.0000 97.0000 0.0000
-902.0000 -424.0000 -10.0000 0.0000
-922.0000 -428.0000 22.0000 0.0000
-943.0000 -436.0000 55.0000 0.0000
-1006.0000 -461.0000 93.0000 0.0000
-868.0000 -434.0000 -9.0000 0.0000
-872.0000 -430.0000 22.0000 0.0000
-878.0000 -430.0000 52.0000 0.0000
-900.0000 -437.0000 85.0000 0.0000
-851.0000 -451.0000 -9.0000 0.0000
-862.0000 -450.0000 23.0000 0.0000
-860.0000 -446.0000 52.0000 0.0000
-868.0000 -445.0000 83.0000 0.0000
-834.0000 -468.0000 -8.0000 0.0000
-838.0000 -463.0000 23.0000 0.0000
-846.0000 -463.0000 53.0000 0.0000
-857.0000 -464.0000 84.0000 0.0000
-789.0000 -468.0000 -7.0000 0.0000
-816.0000 -476.0000 23.0000 0.0000
-822.0000 -474.0000 53.0000 0.0000
-831.0000 -474.0000 83.0000 0.0000
-754.0000 -472.0000 -6.0000 0.0000
-767.0000 -472.0000 23.0000 0.0000
-779.0000 -474.0000 51.0000 0.0000
-7479.0000 -8035.0000 8048.0000 0.0000
0.0000 0.0000 0.0000 0.0000
0.0000 0.0000 0.0000 0.0000
0.0000 0.0000 0.0000 0.0000
-4893.0000 -5517.0000 5422.0000 0.0000
0.0000 0.0000 0.0000 0.0000
0.0000 0.0000 0.0000 0.0000
0.0000 0.0000 0.0000 0.0000
-4711.0000 -5573.0000 5380.0000 0.0000
0.0000 0.0000 0.0000 0.0000
0.0000 0.0000 0.0000 0.0000
0.0000 0.0000 0.0000 0.0000
-4499.0000 -5587.0000 5303.0000 0.0000
-6526.0000 -8098.0000 8180.0000 0.0000
0.0000 0.0000 0.0000 0.0000
0.0000 0.0000 0.0000 0.0000
-2334.0000 -3046.0000 2845.0000 0.0000
-6247.0000 -8125.0000 8074.0000 0.0000
0.0000 0.0000 0.0000 0.0000
0.0000 0.0000 0.0000 0.0000
-2227.0000 -3054.0000 2811.0000 0.0000
-4082.0000 -5569.0000 5450.0000 0.0000
0.0000 0.0000 0.0000 0.0000
0.0000 0.0000 0.0000 0.0000
-2131.0000 -3074.0000 2790.0000 0.0000
-3923.0000 -5616.0000 5417.0000 0.0000
0.0000 0.0000 0.0000 0.0000
0.0000 0.0000 0.0000 0.0000
-2024.0000 -3074.0000 2753.0000 0.0000
-3774.0000 -5676.0000 5399.0000 0.0000
0.0000 0.0000 0.0000 0.0000
0.0000 0.0000 0.0000 0.0000
-1940.0000 -3105.0000 2747.0000 0.0000
-3576.0000 -5654.0000 5309.0000 0.0000
0.0000 0.0000 0.0000 0.0000
0.0000 0.0000 0.0000 0.0000
-1852.0000 -3127.0000 2735.0000 0.0000
-1844.0000 -3069.0000 2846.0000 0.0000
-4971.0000 -8212.0000 8064.0000 0.0000
0.0000 0.0000 0.0000 0.0000
-1734.0000 -3095.0000 2677.0000 0.0000
-1758.0000 -3083.0000 2827.0000 0.0000
-3263.0000 -5665.0000 5496.0000 0.0000
0.0000 0.0000 0.0000 0.0000
-1654.0000 -3125.0000 2676.0000 0.0000
-1674.0000 -3098.0000 2809.0000 0.0000
-3107.0000 -5679.0000 5445.0000 0.0000
0.0000 0.0000 0.0000 0.0000
-1570.0000 -3145.0000 2669.0000 0.0000
-1590.0000 -3111.0000 2793.0000 0.0000
-2973.0000 -5726.0000 5431.0000 0.0000
0.0000 0.0000 0.0000 0.0000
-1464.0000 -3118.0000 2624.0000 0.0000
-1505.0000 -3118.0000 2772.0000 0.0000
-2814.0000 -5724.0000 5372.0000 0.0000
0.0000 0.0000 0.0000 0.0000
-1383.0000 -3136.0000 2618.0000 0.0000
-1420.0000 -3123.0000 2752.0000 0.0000
-2675.0000 -5753.0000 5347.0000 0.0000
-3976.0000 -8314.0000 8154.0000 0.0000
-1306.0000 -3164.0000 2624.0000 0.0000
-1350.0000 -3158.0000 2760.0000 0.0000
-2517.0000 -5737.0000 5283.0000 0.0000
-3768.0000 -8320.0000 8072.0000 0.0000
-1205.0000 -3128.0000 2577.0000 0.0000
-1270.0000 -3169.0000 2748.0000 0.0000
-1286.0000 -3117.0000 2845.0000 0.0000
-2450.0000 -5723.0000 5497.0000 0.0000
-1126.0000 -3144.0000 2575.0000 0.0000
-1175.0000 -3136.0000 2701.0000 0.0000
-1213.0000 -3130.0000 2834.0000 0.0000
-2310.0000 -5726.0000 5448.0000 0.0000
-1050.0000 -3168.0000 2582.0000 0.0000
-1103.0000 -3162.0000 2705.0000 0.0000
-1137.0000 -3138.0000 2819.0000 0.0000
-2187.0000 -5763.0000 5434.0000 0.0000
-967.0000 -3167.0000 2570.0000 0.0000
-1032.0000 -3191.0000 2714.0000 0.0000
-1063.0000 -3147.0000 2806.0000 0.0000
-2062.0000 -5798.0000 5419.0000 0.0000
-883.0000 -3158.0000 2554.0000 0.0000
-943.0000 -3159.0000 2672.0000 0.0000
-991.0000 -3160.0000 2799.0000 0.0000
-1924.0000 -5789.0000 5366.0000 0.0000
-810.0000 -3187.0000 2568.0000 0.0000
-865.0000 -3162.0000 2662.0000 0.0000
-918.0000 -3166.0000 2787.0000 0.0000
-1804.0000 -5833.0000 5365.0000 0.0000
-732.0000 -3196.0000 2570.0000 0.0000
-797.0000 -3196.0000 2679.0000 0.0000
-846.0000 -3176.0000 2780.0000 0.0000
-1662.0000 -5800.0000 5296.0000 0.0000
-647.0000 -3166.0000 2540.0000 0.0000
-717.0000 -3181.0000 2657.0000 0.0000
-776.0000 -3193.0000 2780.0000 0.0000
-1544.0000 -5849.0000 5302.0000 0.0000
-569.0000 -3169.0000 2540.0000 0.0000
-639.0000 -3170.0000 2639.0000 0.0000
-699.0000 -3175.0000 2751.0000 0.0000
-1406.0000 -5819.0000 5241.0000 0.0000
-493.0000 -3176.0000 2544.0000 0.0000
-566.0000 -3179.0000 2640.0000 0.0000
-627.0000 -3181.0000 2744.0000 0.0000
-699.0000 -3186.0000 2852.0000 0.0000
-764.0000 -5827.0000 4666.0000 0.0000
-504.0000 -3258.0000 2700.0000 0.0000
-556.0000 -3188.0000 2740.0000 0.0000
-630.0000 -3191.0000 2840.0000 0.0000
0.0000 0.0000 0.0000 0.0000
-766.0000 -5827.0000 4821.0000 0.0000
-490.0000 -3222.0000 2759.0000 0.0000
-561.0000 -3194.0000 2827.0000 0.0000
0.0000 0.0000 0.0000 0.0000
0.0000 0.0000 0.0000 0.0000
-759.0000 -5845.0000 4991.0000 0.0000
-493.0000 -3197.0000 2816.0000 0.0000
0.0000 0.0000 0.0000 0.0000
0.0000 0.0000 0.0000 0.0000
0.0000 0.0000 0.0000 0.0000
-778.0000 -5862.0000 5140.0000 0.0000
0.0000 0.0000 0.0000 0.0000
0.0000 0.0000 0.0000 0.0000
0.0000 0.0000 0.0000 0.0000
-953.0000 -8571.0000 7486.0000 0.0000
0.0000 0.0000 0.0000 0.0000
0.0000 0.0000 0.0000 0.0000
0.0000 0.0000 0.0000 0.0000
0.0000 0.0000 0.0000 0.0000
0.0000 0.0000 0.0000 0.0000
0.0000 0.0000 0.0000 0.0000
0.0000 0.0000 0.0000 0.0000
0.0000 0.0000 0.0000 0.0000
201.0000 -5847.0000 4754.0000 0.0000
0.0000 0.0000 0.0000 0.0000
0.0000 0.0000 0.0000 0.0000
0.0000 0.0000 0.0000 0.0000
341.0000 -5891.0000 4811.0000 0.0000
163.0000 -5855.0000 4859.0000 0.0000
0.0000 0.0000 0.0000 0.0000
0.0000 0.0000 0.0000 0.0000
479.0000 -5880.0000 4825.0000 0.0000
299.0000 -5897.0000 4907.0000 0.0000
140.0000 -5836.0000 4945.0000 0.0000
0.0000 0.0000 0.0000 0.0000
336.0000 -3195.0000 2636.0000 0.0000
432.0000 -5895.0000 4920.0000 0.0000
270.0000 -5884.0000 4989.0000 0.0000
0.0000 0.0000 0.0000 0.0000
411.0000 -3196.0000 2653.0000 0.0000
309.0000 -3215.0000 2693.0000 0.0000
401.0000 -5895.0000 5004.0000 0.0000
221.0000 -5878.0000 5046.0000 0.0000
494.0000 -3237.0000 2705.0000 0.0000
381.0000 -3202.0000 2692.0000 0.0000
295.0000 -3274.0000 2784.0000 0.0000
350.0000 -5922.0000 5080.0000 0.0000
573.0000 -3245.0000 2731.0000 0.0000
456.0000 -3214.0000 2715.0000 0.0000
359.0000 -3195.0000 2723.0000 0.0000
267.0000 -3318.0000 2846.0000 0.0000
647.0000 -3222.0000 2733.0000 0.0000
538.0000 -3259.0000 2766.0000 0.0000
431.0000 -3206.0000 2739.0000 0.0000
327.0000 -3197.0000 2743.0000 0.0000
734.0000 -3256.0000 2785.0000 0.0000
609.0000 -3233.0000 2760.0000 0.0000
508.0000 -3240.0000 2777.0000 0.0000
397.0000 -3207.0000 2752.0000 0.0000
811.0000 -3249.0000 2802.0000 0.0000
686.0000 -3235.0000 2778.0000 0.0000
579.0000 -3229.0000 2777.0000 0.0000
468.0000 -3217.0000 2763.0000 0.0000
890.0000 -3242.0000 2823.0000 0.0000
764.0000 -3244.0000 2804.0000 0.0000
653.0000 -3227.0000 2786.0000 0.0000
541.0000 -3227.0000 2776.0000 0.0000
1811.0000 -6042.0000 5313.0000 0.0000
843.0000 -3246.0000 2825.0000 0.0000
728.0000 -3233.0000 2804.0000 0.0000
613.0000 -3228.0000 2782.0000 0.0000
1979.0000 -6086.0000 5409.0000 0.0000
1719.0000 -6057.0000 5311.0000 0.0000
806.0000 -3242.0000 2826.0000 0.0000
686.0000 -3233.0000 2793.0000 0.0000
2123.0000 -6046.0000 5434.0000 0.0000
1867.0000 -6053.0000 5352.0000 0.0000
882.0000 -3240.0000 2839.0000 0.0000
761.0000 -3236.0000 2803.0000 0.0000
0.0000 0.0000 0.0000 0.0000
2023.0000 -6069.0000 5413.0000 0.0000
1788.0000 -6041.0000 5327.0000 0.0000
837.0000 -3245.0000 2821.0000 0.0000
0.0000 0.0000 0.0000 0.0000
2169.0000 -6050.0000 5445.0000 0.0000
1944.0000 -6073.0000 5389.0000 0.0000
914.0000 -3251.0000 2837.0000 0.0000
0.0000 0.0000 0.0000 0.0000
0.0000 0.0000 0.0000 0.0000
2091.0000 -6070.0000 5424.0000 0.0000
1838.0000 -6029.0000 5284.0000 0.0000
0.0000 0.0000 0.0000 0.0000
0.0000 0.0000 0.0000 0.0000
2230.0000 -6038.0000 5437.0000 0.0000
2000.0000 -6083.0000 5358.0000 0.0000
0.0000 0.0000 0.0000 0.0000
0.0000 0.0000 0.0000 0.0000